0.0369100000000000	0.0134250000000000	0.623000000000000	-2.59058700000000	-8.81968200000000	-2.58341600000000	96.3764190000000	-40.7532880000000	650	335	748	332	30	30
0.0316210000000000	0.0127920000000000	0.625000000000000	-1.53812800000000	-6.38671600000000	-2.33360700000000	83.4002990000000	-42.8169440000000	649	332	745	331	402	30
0.0247030000000000	0.0133820000000000	0.621000000000000	-1.86890400000000	-4.07380200000000	-2.27581800000000	58.8947330000000	-45.0680050000000	639	333	739	332	774	30
0.0132430000000000	0.0140080000000000	0.619000000000000	-3.74520300000000	0.227807000000000	-2.86471700000000	11.9786710000000	-41.5430340000000	624	336	723	332	1146	30
0.000526000000000000	0.0147250000000000	0.621000000000000	-3.37954500000000	5.20721000000000	-2.54435800000000	-34.5920980000000	-36.2046390000000	608	336	706	332	1518	30
-0.0432350000000000	0.00525600000000000	0.613000000000000	-5.91983800000000	3.82970900000000	-3.79692800000000	-24.7428610000000	-36.3299560000000	532	325	632	320	1890	30
0.0146540000000000	0.0161650000000000	0.652000000000000	0.772688000000000	-12.2751120000000	-1.44238100000000	115.449051000000	-34.2366410000000	623	335	715	339	30	285
0.000545000000000000	0.0187230000000000	0.643000000000000	-1.26485900000000	-6.31732200000000	-1.14072200000000	65.8339390000000	-30.6212430000000	605	340	697	340	402	285
-0.00776400000000000	0.0193280000000000	0.640000000000000	-1.26536400000000	-2.55559000000000	-0.861579000000000	32.3386310000000	-35.6571160000000	596	341	688	340	774	285
-0.0140580000000000	0.0187230000000000	0.643000000000000	-1.48896700000000	-1.22917300000000	-1.26977600000000	18.6089310000000	-32.6935960000000	587	340	683	340	1146	285
-0.0238310000000000	0.0180560000000000	0.644000000000000	-2.80959400000000	2.19967900000000	-1.88454300000000	-4.30300900000000	-32.4829560000000	574	340	669	338	1518	285
-0.0342240000000000	0.0173330000000000	0.643000000000000	-2.85242000000000	6.31732900000000	-2.13252700000000	-60.5396040000000	-31.8845630000000	563	340	655	337	1890	285
0.0257370000000000	0.0251360000000000	0.647000000000000	1.38644000000000	-15.4154560000000	-0.437010000000000	150.240204000000	-27.5279270000000	635	349	724	352	30	540
0.00613600000000000	0.0243990000000000	0.646000000000000	0.445356000000000	-7.87419000000000	-0.286398000000000	76.4510570000000	-17.6709500000000	613	346	707	349	402	540
-0.0105160000000000	0.0241340000000000	0.639000000000000	-0.819105000000000	-1.22698600000000	-0.154092000000000	41.2349740000000	-20.4043790000000	594	347	686	347	774	540
-0.0160190000000000	0.0247860000000000	0.638000000000000	-1.21412100000000	-0.602275000000000	-0.0501790000000000	28.8164620000000	-18.8152370000000	584	348	677	348	1146	540
-0.0250280000000000	0.0234430000000000	0.639000000000000	-2.83227600000000	1.79068600000000	-1.27675100000000	-3.14310300000000	-23.2287460000000	572	348	664	345	1518	540
-0.0244130000000000	0.0221300000000000	0.641000000000000	-3.36396200000000	3.84752000000000	-1.38851400000000	-26.5333670000000	-25.7810170000000	570	348	666	343	1890	540
0.0265600000000000	0.0294700000000000	0.650000000000000	3.19899500000000	-14.6380060000000	-0.00970100000000000	120.960106000000	-16.8979280000000	639	351	729	357	30	795
0.0123850000000000	0.0291970000000000	0.644000000000000	2.21492100000000	-8.80397300000000	0.126890000000000	98.6572190000000	-19.4020060000000	622	352	712	356	402	795
-0.00431600000000000	0.0277180000000000	0.642000000000000	0.148797000000000	-3.87417800000000	0.409481000000000	43.6263160000000	-13.2182490000000	600	351	692	353	774	795
-0.0182590000000000	0.0264120000000000	0.644000000000000	-1.05858800000000	-0.326785000000000	-0.530656000000000	1.40160200000000	-23.7756390000000	584	351	676	351	1146	795
-0.0279230000000000	0.0270240000000000	0.642000000000000	-1.69408800000000	3.81590500000000	-0.566083000000000	-7.24969200000000	-22.0660480000000	571	353	663	352	1518	795
-0.0344370000000000	0.0244360000000000	0.647000000000000	-2.08496600000000	4.86514100000000	-0.957969000000000	-34.2990340000000	-25.1648250000000	562	350	654	347	1890	795
0.0238210000000000	0.0330850000000000	0.652000000000000	2.90014600000000	-11.9199590000000	0.934084000000000	64.7211460000000	-9.47209300000000	641	358	731	364	30	1050
0.00542100000000000	0.0340720000000000	0.644000000000000	1.86770700000000	-6.82574500000000	1.30022700000000	75.8658600000000	-3.11744500000000	614	359	709	363	402	1050
-0.00780000000000000	0.0326280000000000	0.643000000000000	0.231385000000000	-3.48793900000000	1.78195200000000	50.6500820000000	-7.14495600000000	596	358	688	359	774	1050
-0.0196520000000000	0.0305900000000000	0.644000000000000	-1.74082000000000	-0.332340000000000	0.187353000000000	14.6574530000000	-10.8316850000000	580	357	673	356	1146	1050
-0.0272280000000000	0.0311890000000000	0.642000000000000	-2.80577100000000	3.83414800000000	0.755572000000000	-12.4027290000000	-12.1320710000000	570	358	663	355	1518	1050
-0.0392740000000000	0.0292880000000000	0.646000000000000	-3.48474900000000	7.98591800000000	0.131630000000000	-67.9553990000000	-7.77351100000000	554	356	649	352	1890	1050
0.0233290000000000	0.0170250000000000	0.658000000000000	-2.39712600000000	-16.1492630000000	-1.81068200000000	181.261505000000	-30.1234700000000	627	337	712	337	30	30
0.00759200000000000	0.0189560000000000	0.651000000000000	1.28900600000000	-8.63651700000000	-1.42021500000000	84.7052460000000	-34.1326520000000	615	338	706	342	402	30
-0.00438400000000000	0.0168700000000000	0.652000000000000	0.855729000000000	-3.88305300000000	-2.30502700000000	43.9051630000000	-45.5284960000000	601	337	695	340	774	30
-0.0177260000000000	0.0168180000000000	0.650000000000000	-1.07074200000000	0.135774000000000	-2.45624800000000	-1.22595800000000	-40.3904950000000	584	338	676	338	1146	30
-0.0268650000000000	0.0154130000000000	0.650000000000000	-1.67991700000000	3.12447000000000	-2.81007000000000	-16.8362370000000	-48.5615920000000	572	337	664	335	1518	30
-0.0362240000000000	0.0133860000000000	0.654000000000000	-3.05334300000000	6.88904600000000	-4.53547800000000	-58.9065020000000	-44.6902200000000	547	343	653	339	1890	30
0.0296880000000000	0.0212620000000000	0.657000000000000	2.30006300000000	-16.4411700000000	-1.28550500000000	138.243774000000	-37.9643170000000	641	341	725	346	30	285
0.00898600000000000	0.0217380000000000	0.650000000000000	0.996155000000000	-8.71534000000000	-0.986449000000000	135.562286000000	-31.4088750000000	617	342	709	347	402	285
-0.00508900000000000	0.0203950000000000	0.652000000000000	0.106089000000000	-4.08638300000000	-1.00218600000000	66.2949450000000	-34.6570010000000	599	341	693	343	774	285
-0.0170230000000000	0.0203330000000000	0.650000000000000	-0.872342000000000	-0.324260000000000	-1.20728500000000	17.6912270000000	-36.1577760000000	583	342	676	342	1146	285
-0.0275680000000000	0.0189270000000000	0.650000000000000	-1.94940200000000	3.13279300000000	-2.14772500000000	-13.6024400000000	-36.5870900000000	570	342	662	340	1518	285
-0.0361140000000000	0.0175750000000000	0.652000000000000	-2.53647300000000	8.26046300000000	-2.00887000000000	-73.3517460000000	-35.4110790000000	564	341	655	338	1890	285
0.00628800000000000	0.0264340000000000	0.662000000000000	2.83591400000000	-14.0896700000000	-0.488702000000000	153.850998000000	-25.5314670000000	612	347	701	354	30	540
-0.00512800000000000	0.0283660000000000	0.657000000000000	1.85796100000000	-7.75272800000000	0.256020000000000	99.4061660000000	-22.2235970000000	600	350	692	355	402	540
-0.0157370000000000	0.0296960000000000	0.655000000000000	0.722498000000000	-3.60039500000000	1.23732500000000	49.1184010000000	-11.6435750000000	586	352	677	355	774	540
-0.0284010000000000	0.0288990000000000	0.653000000000000	-1.29033600000000	0.762657000000000	0.470178000000000	3.99402000000000	-14.8865890000000	570	352	661	353	1146	540
-0.0327380000000000	0.0275710000000000	0.655000000000000	-1.28981000000000	1.47727800000000	-0.313368000000000	-15.4458480000000	-22.7086110000000	563	352	655	352	1518	540
-0.0420110000000000	0.0283230000000000	0.656000000000000	-1.35127700000000	4.18870900000000	0.0709340000000000	-46.1514210000000	-15.3725640000000	548	353	643	352	1890	540
0.0177700000000000	0.0322100000000000	0.663000000000000	4.04125100000000	-14.7657890000000	-0.240808000000000	154.035675000000	-19.7619990000000	628	354	715	362	30	795
0.00340400000000000	0.0333900000000000	0.658000000000000	4.31289100000000	-10.5040440000000	0.766922000000000	112.923302000000	-13.8340330000000	611	355	700	362	402	795
-0.0136120000000000	0.0332370000000000	0.655000000000000	2.59336700000000	-3.91906200000000	1.04363200000000	47.1310390000000	-5.26610700000000	590	356	681	361	774	795
-0.0235290000000000	0.0318210000000000	0.655000000000000	1.46231500000000	-1.64873200000000	0.875373000000000	26.3703610000000	-10.0170340000000	576	355	668	359	1146	795
-0.0363350000000000	0.0290320000000000	0.656000000000000	0.0547810000000000	3.16353000000000	-0.0966660000000000	-22.6482910000000	-19.6910380000000	559	353	652	355	1518	795
-0.0447800000000000	0.0304040000000000	0.655000000000000	-2.52950700000000	8.78491600000000	0.712335000000000	-75.8175960000000	-10.4195870000000	551	356	642	354	1890	795
0.0194930000000000	0.0356060000000000	0.673000000000000	6.13551300000000	-17.8231370000000	-0.652569000000000	179.309891000000	-12.6702840000000	627	358	711	368	30	1050
0.00768500000000000	0.0377160000000000	0.659000000000000	4.40996100000000	-10.0033780000000	1.37010100000000	109.239967000000	-1.35292200000000	615	361	707	368	402	1050
-0.000863000000000000	0.0368350000000000	0.656000000000000	2.53101900000000	-6.35053900000000	1.78875300000000	73.5463180000000	-4.37102800000000	605	361	695	366	774	1050
-0.0186560000000000	0.0348130000000000	0.658000000000000	0.00551200000000000	0.0330980000000000	2.04337500000000	25.1783100000000	-3.64752300000000	584	360	675	362	1146	1050
-0.0243120000000000	0.0347600000000000	0.657000000000000	-0.920924000000000	-0.699429000000000	1.61896100000000	20.2710230000000	-5.80591500000000	573	361	665	362	1518	1050
-0.0414900000000000	0.0327280000000000	0.659000000000000	-1.58766300000000	5.62184800000000	1.03412800000000	-34.3037490000000	-7.42670600000000	551	359	647	359	1890	1050
0.0173870000000000	0.0182220000000000	0.676000000000000	4.19267700000000	-18.1299310000000	-2.48402500000000	193.557846000000	-30.2772410000000	621	335	706	344	30	30
0.00346100000000000	0.0209270000000000	0.669000000000000	3.55686000000000	-10.0810920000000	-1.71303900000000	114.869301000000	-37.9911880000000	606	342	697	347	402	30
-0.0137790000000000	0.0221730000000000	0.663000000000000	1.30566000000000	-2.33040900000000	-1.37729400000000	45.1713600000000	-35.6900630000000	590	343	683	346	774	30
-0.0246450000000000	0.0215530000000000	0.666000000000000	-0.723608000000000	-0.697943000000000	-1.17262700000000	24.3075160000000	-34.5483630000000	575	343	667	344	1146	30
-0.0340080000000000	0.0215530000000000	0.666000000000000	-1.55107400000000	2.76146100000000	-1.68306300000000	-13.2054310000000	-32.1871990000000	564	344	655	343	1518	30
-0.0454640000000000	0.0215210000000000	0.665000000000000	-1.87361500000000	8.97462000000000	-1.03364700000000	-69.5658650000000	-31.0731750000000	550	344	643	342	1890	30
0.0122510000000000	0.0247640000000000	0.675000000000000	3.27319200000000	-16.6349890000000	-0.266736000000000	160.972183000000	-26.3686220000000	616	343	701	349	30	285
-0.00233100000000000	0.0267540000000000	0.670000000000000	2.43070300000000	-8.98443700000000	-0.431732000000000	112.144211000000	-22.1528450000000	603	348	693	353	402	285
-0.0223490000000000	0.0264340000000000	0.662000000000000	0.0632740000000000	-2.18747400000000	0.00310200000000000	19.6279180000000	-26.0684450000000	579	348	671	351	774	285
-0.0260460000000000	0.0251160000000000	0.665000000000000	0.301166000000000	-0.527508000000000	-0.450238000000000	5.10422600000000	-27.1964110000000	574	347	665	350	1146	285
-0.0339060000000000	0.0236420000000000	0.664000000000000	-0.0300510000000000	1.45314500000000	-1.38045700000000	-1.41804700000000	-36.4341510000000	563	346	656	348	1518	285
-0.0410870000000000	0.0236420000000000	0.664000000000000	-0.681029000000000	4.18556100000000	-1.34213600000000	-32.7170910000000	-34.4463420000000	552	347	645	347	1890	285
0.0143340000000000	0.0296520000000000	0.670000000000000	3.93481500000000	-13.6125110000000	-0.580621000000000	148.482391000000	-22.2558420000000	623	351	710	359	30	540
-0.00159200000000000	0.0308220000000000	0.664000000000000	2.99478100000000	-8.99616800000000	0.209245000000000	100.061066000000	-20.4614200000000	604	353	695	359	402	540
-0.0158820000000000	0.0306830000000000	0.661000000000000	1.91307900000000	-3.25224400000000	0.362381000000000	56.7826000000000	-16.5797770000000	587	353	679	358	774	540
-0.0273190000000000	0.0292530000000000	0.661000000000000	0.663533000000000	-0.788461000000000	-0.133500000000000	5.07800100000000	-25.6200960000000	572	353	663	356	1146	540
-0.0382150000000000	0.0272320000000000	0.664000000000000	-0.966140000000000	2.46765500000000	-1.24227400000000	-5.32759800000000	-29.8737580000000	558	352	650	354	1518	540
-0.0496290000000000	0.0279080000000000	0.663000000000000	-2.48056500000000	5.65604800000000	-0.925153000000000	-48.3092380000000	-21.6908840000000	540	354	634	351	1890	540
0.0142920000000000	0.0367860000000000	0.668000000000000	4.85066700000000	-13.6592780000000	0.146878000000000	151.541458000000	-11.4677870000000	624	360	711	368	30	795
0.00415900000000000	0.0351830000000000	0.665000000000000	4.27263100000000	-11.2993520000000	0.615040000000000	119.011620000000	-12.5642490000000	612	358	701	365	402	795
-0.0108280000000000	0.0369470000000000	0.658000000000000	1.94811500000000	-4.90081900000000	1.73550100000000	49.7430800000000	-6.70127200000000	593	361	683	365	774	795
-0.0243860000000000	0.0341530000000000	0.659000000000000	1.08216300000000	-0.347478000000000	1.04005200000000	12.6968420000000	-10.1323200000000	576	359	668	362	1146	795
-0.0366680000000000	0.0335930000000000	0.662000000000000	-0.150877000000000	2.84293400000000	1.12606800000000	-18.8902990000000	-9.73832600000000	561	359	652	360	1518	795
-0.0494050000000000	0.0327770000000000	0.660000000000000	-1.31668000000000	8.42524300000000	0.940109000000000	-72.6635970000000	-6.51074500000000	542	359	637	358	1890	795
0.0107280000000000	0.0391280000000000	0.671000000000000	4.76309100000000	-16.2035300000000	0.803333000000000	160.136887000000	-8.53979900000000	617	364	703	371	30	1050
-0.00803000000000000	0.0400350000000000	0.662000000000000	2.42650200000000	-7.41142400000000	2.16443400000000	81.9731450000000	3.20700500000000	596	366	687	370	402	1050
-0.0144080000000000	0.0412790000000000	0.659000000000000	1.11346200000000	-4.20525300000000	2.49837400000000	61.2518810000000	5.10965600000000	585	368	678	370	774	1050
-0.0228210000000000	0.0403200000000000	0.655000000000000	0.200957000000000	-0.907387000000000	2.47398500000000	26.0350490000000	4.73502500000000	578	367	670	369	1146	1050
-0.0286180000000000	0.0369470000000000	0.658000000000000	-0.608596000000000	0.502146000000000	1.86242600000000	7.29428600000000	2.60260900000000	568	363	659	364	1518	1050
-0.0501940000000000	0.0335420000000000	0.661000000000000	-0.761411000000000	4.27833500000000	0.866326000000000	-53.7134480000000	-11.9631270000000	541	360	631	360	1890	1050
0.0122880000000000	0.0167850000000000	0.677000000000000	4.48798300000000	-17.6968070000000	-2.83025300000000	203.028122000000	-29.8704410000000	617	334	699	344	30	30
-0.00526000000000000	0.0196260000000000	0.674000000000000	3.31354800000000	-10.7415490000000	-2.22554400000000	117.683693000000	-42.4458620000000	598	338	686	345	402	30
-0.0219600000000000	0.0195680000000000	0.672000000000000	0.357386000000000	-5.37763700000000	-1.75945100000000	68.2340160000000	-44.5624160000000	577	340	667	343	774	30
-0.0318950000000000	0.0194220000000000	0.667000000000000	-0.384140000000000	-1.25739800000000	-1.82279300000000	20.4009510000000	-44.1276440000000	565	341	656	343	1146	30
-0.0397700000000000	0.0186730000000000	0.666000000000000	-1.52802500000000	1.52401300000000	-2.17197000000000	-9.91543800000000	-48.0771900000000	552	341	646	341	1518	30
-0.0444230000000000	0.0180870000000000	0.671000000000000	-1.80345600000000	5.89121400000000	-3.14068200000000	-59.3580740000000	-44.0004580000000	551	342	643	340	1890	30
0.00790700000000000	0.0256070000000000	0.678000000000000	3.38233100000000	-16.0347920000000	-0.334771000000000	134.719589000000	-30.9166470000000	612	344	696	351	30	285
-0.00379100000000000	0.0232010000000000	0.672000000000000	4.01887200000000	-10.7453040000000	-1.89493900000000	112.561974000000	-31.9100230000000	601	343	690	351	402	285
-0.0233440000000000	0.0231320000000000	0.670000000000000	0.930929000000000	-4.35456200000000	-1.36693000000000	72.7850340000000	-38.4483800000000	576	345	665	348	774	285
-0.0333880000000000	0.0230630000000000	0.668000000000000	0.00746700000000000	-0.476059000000000	-1.51655700000000	13.6575340000000	-39.6847460000000	564	346	654	347	1146	285
-0.0375530000000000	0.0229590000000000	0.665000000000000	-1.66784300000000	-0.0950270000000000	-1.39645000000000	8.97882100000000	-40.3364140000000	551	349	645	347	1518	285
0.0142170000000000	0.0286550000000000	0.577000000000000	-1.92708400000000	-4.63143700000000	1.16959000000000	57.4707110000000	-12.5919450000000	620	352	722	351	30	30
0.0338520000000000	0.0188350000000000	0.582000000000000	-0.0201020000000000	-13.9093550000000	-1.37167300000000	165.052475000000	-30.5401650000000	641	337	742	340	402	30
0.0162280000000000	0.0194640000000000	0.582000000000000	-0.291582000000000	-5.34439100000000	-0.910035000000000	64.8151400000000	-33.8160250000000	623	338	727	339	774	30
0.00238100000000000	0.0188350000000000	0.582000000000000	-3.48798600000000	-1.62768600000000	-1.65254700000000	35.4241640000000	-30.0175720000000	600	340	705	338	1146	30
-0.0208300000000000	0.0186330000000000	0.617000000000000	0.922022000000000	-0.0994880000000000	-1.41082900000000	7.77258400000000	-32.9331210000000	574	339	671	343	1518	30
-0.0387200000000000	0.0185730000000000	0.615000000000000	-0.514505000000000	4.53044000000000	-1.82183600000000	-32.7620850000000	-22.9288730000000	548	340	646	339	1890	30
0.0144880000000000	0.0252230000000000	0.615000000000000	-0.0977270000000000	-15.3055840000000	-0.130764000000000	167.265350000000	-19.1485210000000	617	347	711	350	30	285
0.00383400000000000	0.0277920000000000	0.613000000000000	-0.327058000000000	-10.5148350000000	0.524930000000000	99.5669480000000	-23.0550710000000	604	350	701	352	402	285
-0.00811200000000000	0.0265100000000000	0.614000000000000	-1.17994500000000	-4.95675800000000	-0.360443000000000	52.2339060000000	-23.8971730000000	589	350	689	351	774	285
-0.0186450000000000	0.0263800000000000	0.611000000000000	-1.65766700000000	-0.844826000000000	-0.282666000000000	16.1497460000000	-23.2328380000000	576	350	674	350	1146	285
-0.0291700000000000	0.0250180000000000	0.610000000000000	-2.75312900000000	2.01293100000000	-1.04141700000000	-21.8696610000000	-24.7245140000000	562	349	660	348	1518	285
-0.0385940000000000	0.0224890000000000	0.613000000000000	-2.44520200000000	4.88966000000000	-2.27666800000000	-49.9377980000000	-31.6867980000000	550	348	647	345	1890	285
0.0211730000000000	0.0299260000000000	0.616000000000000	1.00719100000000	-15.5971110000000	-0.330498000000000	168.891830000000	-17.7512380000000	628	353	721	358	30	540
0.0110900000000000	0.0329870000000000	0.611000000000000	0.792074000000000	-11.3219110000000	0.886778000000000	117.850220000000	-17.6168770000000	615	357	708	360	402	540
-0.00671800000000000	0.0328250000000000	0.608000000000000	-0.371181000000000	-4.18108200000000	1.44601800000000	60.6247630000000	-15.7619480000000	593	358	690	359	774	540
-0.0153160000000000	0.0329330000000000	0.610000000000000	-1.51818800000000	-1.87356800000000	1.00943400000000	26.9548030000000	-15.8211150000000	580	358	678	358	1146	540
-0.0264440000000000	0.0321670000000000	0.608000000000000	-2.15123200000000	1.04052800000000	0.384867000000000	-0.949069000000000	-13.6889060000000	564	359	662	357	1518	540
-0.0356490000000000	0.0315100000000000	0.608000000000000	-2.40144600000000	4.28008200000000	0.155805000000000	-37.5237620000000	-12.0582900000000	548	359	651	356	1890	540
0.0216620000000000	0.0369510000000000	0.611000000000000	0.714732000000000	-14.1399160000000	0.924858000000000	103.979675000000	-8.84147300000000	631	364	727	368	30	795
0.00776100000000000	0.0381470000000000	0.609000000000000	1.09472700000000	-8.20284900000000	1.35454400000000	88.1360930000000	-9.09067300000000	613	365	709	368	402	795
-0.00864800000000000	0.0372420000000000	0.605000000000000	-1.48160700000000	-3.63631500000000	1.35194300000000	48.8288230000000	-4.84587200000000	589	366	688	365	774	795
-0.0164440000000000	0.0371190000000000	0.603000000000000	-2.36150400000000	-1.15855200000000	0.973972000000000	28.2628520000000	-3.21340200000000	577	366	676	365	1146	795
-0.0275760000000000	0.0352210000000000	0.604000000000000	-2.80031000000000	1.21431500000000	0.630206000000000	-5.98878300000000	-6.78386400000000	562	364	661	362	1518	795
-0.0415670000000000	0.0328250000000000	0.608000000000000	-2.59183600000000	7.72037700000000	-0.136232000000000	-77.7874910000000	-7.61586000000000	548	362	645	360	1890	795
0.0350490000000000	0.0417800000000000	0.614000000000000	0.671646000000000	-19.3874730000000	1.30192600000000	178.523331000000	-7.32415000000000	645	371	736	375	30	1050
0.0175530000000000	0.0445110000000000	0.606000000000000	1.59287900000000	-12.9642920000000	2.12876600000000	131.076721000000	-1.99277500000000	623	375	719	377	402	1050
-0.000142000000000000	0.0431300000000000	0.605000000000000	0.154290000000000	-6.32886200000000	2.77060000000000	74.3810730000000	-2.72066800000000	601	373	699	375	774	1050
-0.0183700000000000	0.0422650000000000	0.602000000000000	-0.887637000000000	0.612732000000000	2.59762000000000	0.803953000000000	1.10232100000000	578	373	677	374	1146	1050
-0.0314430000000000	0.0397270000000000	0.603000000000000	-2.66085200000000	3.61235600000000	1.44216000000000	-32.1764980000000	5.67717200000000	559	371	659	369	1518	1050
-0.0421550000000000	0.0380210000000000	0.607000000000000	-2.85249500000000	8.16667200000000	1.26662400000000	-82.2114110000000	4.51823800000000	546	369	644	366	1890	1050
0.0358290000000000	0.0265960000000000	0.616000000000000	1.53862200000000	-18.7776790000000	-0.767438000000000	162.129227000000	-10.6847420000000	645	346	735	352	30	30
0.0156900000000000	0.0250180000000000	0.610000000000000	0.830353000000000	-11.9443660000000	-0.822667000000000	136.326859000000	-28.6367760000000	619	346	714	350	402	30
-0.00146200000000000	0.0230390000000000	0.610000000000000	-0.0427670000000000	-5.05346900000000	-1.37873800000000	78.2504500000000	-35.1759340000000	596	346	698	349	774	30
-0.0152410000000000	0.0248950000000000	0.607000000000000	-1.44905400000000	-1.11694700000000	-1.12438000000000	21.2011150000000	-35.1778370000000	581	348	680	348	1146	30
-0.0277590000000000	0.0236210000000000	0.608000000000000	-1.73268700000000	3.56299600000000	-1.62470600000000	-17.7423040000000	-31.9613840000000	566	347	664	346	1518	30
-0.0378070000000000	0.0224160000000000	0.611000000000000	-2.00236900000000	7.82253400000000	-2.09238400000000	-55.5439680000000	-30.9747830000000	551	349	653	346	1890	30
0.0291670000000000	0.0292600000000000	0.616000000000000	3.38521200000000	-15.7743750000000	-0.933762000000000	140.382324000000	-19.8844260000000	640	350	731	357	30	285
0.00843300000000000	0.0283160000000000	0.610000000000000	1.71435900000000	-7.84553200000000	-0.699320000000000	86.8174290000000	-28.0748560000000	614	351	710	356	402	285
-0.00541200000000000	0.0282690000000000	0.609000000000000	-0.164491000000000	-3.41358700000000	-0.152404000000000	41.0684850000000	-26.0116210000000	596	352	694	354	774	285
-0.0152410000000000	0.0281760000000000	0.607000000000000	-0.947029000000000	-0.430460000000000	-0.505543000000000	8.59329600000000	-24.5830540000000	583	353	681	353	1146	285
-0.0256590000000000	0.0267750000000000	0.605000000000000	-1.57403700000000	2.57774600000000	-1.43417600000000	-19.9598290000000	-29.1777100000000	567	353	666	352	1518	285
-0.0390010000000000	0.0256350000000000	0.609000000000000	-2.14116800000000	7.10904800000000	-1.47935400000000	-68.7530670000000	-23.6851410000000	549	352	649	349	1890	285
0.0331110000000000	0.0345330000000000	0.615000000000000	1.61988800000000	-17.7905530000000	0.185977000000000	171.426498000000	-17.1895980000000	643	359	736	364	30	540
0.0110170000000000	0.0340830000000000	0.607000000000000	0.0183290000000000	-9.39788100000000	0.386048000000000	91.8297650000000	-16.6428300000000	616	361	715	363	402	540
-0.00406800000000000	0.0339710000000000	0.605000000000000	-0.916829000000000	-4.14357000000000	0.960669000000000	57.8995590000000	-13.9192250000000	596	360	693	361	774	540
-0.0145360000000000	0.0339710000000000	0.605000000000000	-1.57315000000000	-2.07401500000000	0.918199000000000	22.3459470000000	-12.8108350000000	581	361	679	360	1146	540
-0.0223510000000000	0.0332620000000000	0.604000000000000	-2.09354700000000	0.800659000000000	0.600554000000000	-3.85940100000000	-14.8905810000000	570	360	668	359	1518	540
-0.0336770000000000	0.0315100000000000	0.608000000000000	-2.08553100000000	5.28651800000000	0.0929600000000000	-44.0616070000000	-12.0288450000000	557	359	655	358	1890	540
0.0256270000000000	0.0382720000000000	0.611000000000000	-0.0201200000000000	-17.6650820000000	-0.102177000000000	122.173073000000	-12.3278140000000	617	369	727	371	30	795
0.00771000000000000	0.0392050000000000	0.605000000000000	-0.299634000000000	-8.17385800000000	1.80497700000000	80.3643260000000	-9.80707600000000	612	368	708	369	402	795
-0.00670700000000000	0.0386780000000000	0.607000000000000	-0.941104000000000	-3.32403800000000	1.66665100000000	41.0086140000000	-3.87574500000000	593	367	691	367	774	795
-0.0145120000000000	0.0384870000000000	0.604000000000000	-1.52531900000000	-1.89886600000000	1.55653100000000	17.0528680000000	-2.10359300000000	576	368	681	367	1146	795
-0.0242300000000000	0.0370570000000000	0.602000000000000	0.0865890000000000	0.0143870000000000	2.26084200000000	-10.2645680000000	-3.74330800000000	568	366	668	366	1518	795
-0.0308930000000000	0.0359340000000000	0.605000000000000	-2.22894300000000	4.57248600000000	0.999969000000000	-34.2922670000000	-3.30948300000000	555	366	657	364	1890	795
0.0282240000000000	0.0415070000000000	0.610000000000000	2.11444900000000	-15.7078700000000	1.09841500000000	151.594727000000	-8.36944500000000	640	370	734	375	30	1050
0.0123300000000000	0.0426160000000000	0.607000000000000	1.69762100000000	-8.11185000000000	1.79558600000000	88.9837420000000	-1.24868300000000	621	372	716	376	402	1050
-0.00145300000000000	0.0412350000000000	0.606000000000000	-0.0112920000000000	-5.27261200000000	2.53225700000000	63.1323130000000	-3.78140900000000	599	370	697	372	774	1050
-0.0183090000000000	0.0388810000000000	0.600000000000000	-1.54262500000000	-0.560603000000000	1.80676800000000	8.78255700000000	-0.908138000000000	570	366	676	368	1146	1050
-0.0307910000000000	0.0364670000000000	0.603000000000000	-1.95003900000000	4.35626500000000	1.27736500000000	-36.4912030000000	-2.52068300000000	560	367	659	365	1518	1050
-0.0430230000000000	0.0355710000000000	0.610000000000000	-2.93568200000000	8.25910900000000	0.788347000000000	-84.4986570000000	-4.89418600000000	546	366	643	362	1890	1050
0.0331650000000000	0.0265960000000000	0.616000000000000	1.47964700000000	-18.4537720000000	0.221336000000000	186.121735000000	-21.9665090000000	639	349	731	353	30	30
0.0123910000000000	0.0250180000000000	0.610000000000000	1.29810400000000	-11.0431950000000	-1.12126300000000	102.479004000000	-29.2983910000000	618	346	713	351	402	30
-0.00741200000000000	0.0257190000000000	0.611000000000000	-0.781683000000000	-3.14250700000000	-0.646552000000000	42.6014980000000	-28.7351990000000	593	348	691	349	774	30
-0.0198680000000000	0.0249360000000000	0.608000000000000	-1.44577600000000	1.04134400000000	-0.954010000000000	-6.15371100000000	-32.3706820000000	576	348	679	349	1146	30
-0.0265310000000000	0.0230390000000000	0.610000000000000	-1.69224200000000	2.51149400000000	-1.97162200000000	-17.6048470000000	-32.9818040000000	567	347	667	347	1518	30
-0.0352790000000000	0.0211640000000000	0.613000000000000	-2.58685800000000	5.10835500000000	-2.87679100000000	-45.8197290000000	-37.2965810000000	556	346	655	344	1890	30
0.0265030000000000	0.0299260000000000	0.616000000000000	2.39870300000000	-16.6895170000000	-0.164350000000000	171.729050000000	-28.9190860000000	635	351	725	357	30	285
0.00980000000000000	0.0277920000000000	0.613000000000000	2.06535500000000	-10.6868960000000	-0.966275000000000	106.018387000000	-27.6976110000000	614	351	709	355	402	285
-0.00611000000000000	0.0277920000000000	0.613000000000000	0.287110000000000	-4.35240500000000	-0.121033000000000	55.0240780000000	-22.9944080000000	594	351	691	353	774	285
-0.0139510000000000	0.0282230000000000	0.608000000000000	-0.891926000000000	-1.88096700000000	0.0473380000000000	27.3972110000000	-27.7171020000000	582	352	683	353	1146	285
-0.0225360000000000	0.0269520000000000	0.609000000000000	-1.82268500000000	0.489234000000000	-0.753927000000000	-1.14555300000000	-29.3470520000000	570	352	668	351	1518	285
-0.0352220000000000	0.0251000000000000	0.612000000000000	-2.64630500000000	4.55509400000000	-2.06835400000000	-39.4096910000000	-28.2214930000000	554	351	652	348	1890	285
0.0285940000000000	0.0313600000000000	0.618000000000000	3.34174600000000	-16.1008660000000	-0.542457000000000	149.829956000000	-20.1460880000000	639	353	732	362	30	540
0.00912200000000000	0.0303940000000000	0.612000000000000	0.827754000000000	-9.71582200000000	-0.290581000000000	97.9537810000000	-23.7929400000000	613	355	708	359	402	540
-0.00146000000000000	0.0315620000000000	0.609000000000000	-0.608810000000000	-6.92704100000000	0.292649000000000	79.4683070000000	-22.5200200000000	598	357	694	358	774	540
-0.00869000000000000	0.0315100000000000	0.608000000000000	-1.47875500000000	-4.25173100000000	0.126701000000000	42.2342910000000	-17.7121620000000	585	360	687	359	1146	540
-0.00672900000000000	0.0315620000000000	0.609000000000000	-1.56993300000000	-4.77726900000000	0.115940000000000	58.0953790000000	-17.4715020000000	586	357	686	357	1518	540
-0.0100060000000000	0.0315100000000000	0.608000000000000	-1.64221500000000	-3.81893200000000	-0.172834000000000	38.2383920000000	-19.5888160000000	579	358	681	358	1890	540
0.0171200000000000	0.0344760000000000	0.614000000000000	1.10254200000000	-12.9914990000000	-0.155225000000000	98.1830440000000	-21.4112660000000	621	361	722	365	30	795
0.00709000000000000	0.0347970000000000	0.608000000000000	0.787356000000000	-8.13267000000000	0.725085000000000	87.0573960000000	-16.2186910000000	611	361	706	364	402	795
0.00248300000000000	0.0353960000000000	0.607000000000000	-0.182261000000000	-7.34181700000000	0.994969000000000	80.1700130000000	-17.2037070000000	603	362	699	364	774	795
-0.00275900000000000	0.0352790000000000	0.605000000000000	-0.417782000000000	-5.36308300000000	1.21054600000000	64.8564610000000	-17.8147240000000	596	362	693	364	1146	795
-0.0152410000000000	0.0340830000000000	0.607000000000000	-2.13166100000000	-1.53394600000000	0.427236000000000	19.3028530000000	-14.6499770000000	578	362	676	361	1518	795
-0.0190850000000000	0.0345680000000000	0.604000000000000	-2.25702700000000	-1.02388900000000	0.462641000000000	18.4421440000000	-17.2886920000000	572	363	670	361	1890	795
0.0350490000000000	0.0384600000000000	0.614000000000000	0.424791000000000	-18.8025370000000	1.61426200000000	148.669067000000	-8.19707500000000	642	367	727	370	30	1050
0.0292620000000000	0.0400470000000000	0.618000000000000	-9.22022100000000	-13.1859150000000	5.89792700000000	144.394943000000	75.6465680000000	623	368	720	353	402	1050
-0.00406800000000000	0.0392050000000000	0.605000000000000	-1.82403300000000	-4.72931500000000	1.47003400000000	56.1785770000000	-4.43305600000000	594	369	692	368	774	1050
-0.00736300000000000	0.0386780000000000	0.607000000000000	-2.33369300000000	-4.69689200000000	1.30552300000000	42.5039180000000	-7.31577700000000	584	369	686	367	1146	1050
-0.0170970000000000	0.0377710000000000	0.603000000000000	-3.23937700000000	-0.411804000000000	0.940487000000000	21.5498850000000	-9.23834900000000	575	368	674	366	1518	1050
-0.0249630000000000	0.0365270000000000	0.604000000000000	-3.84715500000000	-0.108403000000000	0.335244000000000	12.0207210000000	-10.8001910000000	562	369	664	365	1890	1050
0.0237220000000000	0.0251410000000000	0.613000000000000	-0.965276000000000	-16.7250890000000	-0.530141000000000	158.620728000000	-20.6335410000000	627	346	718	348	30	30
0.00909300000000000	0.0256770000000000	0.610000000000000	0.219718000000000	-10.2937590000000	-1.06857400000000	100.114456000000	-28.7368110000000	612	348	707	351	402	30
0.00315000000000000	0.0276110000000000	0.609000000000000	-1.02564100000000	-8.38198500000000	-0.169369000000000	81.4353790000000	-24.1016640000000	602	351	699	351	774	30
-0.00476900000000000	0.0270410000000000	0.611000000000000	-2.10646200000000	-5.26892300000000	-0.828656000000000	56.4766960000000	-24.0447350000000	591	351	689	350	1146	30
-0.00867600000000000	0.0281760000000000	0.607000000000000	-2.33727200000000	-3.16127800000000	-0.349894000000000	44.9887770000000	-19.7574650000000	587	352	685	350	1518	30
-0.0257440000000000	0.0262070000000000	0.607000000000000	-5.25496500000000	0.989390000000000	-2.16634900000000	0.858820000000000	-24.5258060000000	559	355	662	347	1890	30
0.0190190000000000	0.0303440000000000	0.611000000000000	0.782925000000000	-13.5020310000000	-0.487876000000000	142.061798000000	-25.4169040000000	624	354	718	357	30	285
0.00510100000000000	0.0314060000000000	0.606000000000000	-1.06720200000000	-7.71096300000000	-0.0977430000000000	89.1734850000000	-21.8430630000000	607	357	704	357	402	285
-0.00736300000000000	0.0308020000000000	0.607000000000000	-1.80834400000000	-3.52985000000000	-0.225589000000000	49.6588480000000	-20.3975730000000	590	356	692	356	774	285
-0.0126150000000000	0.0308020000000000	0.607000000000000	-2.67630000000000	-3.03261100000000	0.0131310000000000	35.9683190000000	-17.1305600000000	581	357	679	354	1146	285
-0.0320960000000000	0.0280730000000000	0.591000000000000	-5.89381300000000	2.19392100000000	-1.01533100000000	-9.81382100000000	-16.4859750000000	551	354	652	345	1518	285
0.0298460000000000	0.0128650000000000	0.426000000000000	-2.22160000000000	-10.3828490000000	-0.952614000000000	84.1013950000000	-17.5172270000000	636	325	766	322	30	30
0.0373920000000000	0.00644600000000000	0.428000000000000	-2.20898900000000	-13.8054120000000	-2.33390400000000	99.9528050000000	-29.4352780000000	650	311	779	310	402	30
0.0210430000000000	0.00823900000000000	0.425000000000000	-1.21273100000000	-6.25938100000000	-1.45886000000000	46.2826420000000	-19.7759670000000	625	312	759	311	774	30
0.00630500000000000	0.00865800000000000	0.423000000000000	-2.57784800000000	-1.80176700000000	-1.32259300000000	9.50117900000000	-17.9986230000000	596	315	732	311	1146	30
-0.0114810000000000	0.00907200000000000	0.421000000000000	-2.51405500000000	2.70907500000000	-0.314359000000000	-17.3285520000000	-13.0265140000000	560	315	698	310	1518	30
-0.0278720000000000	0.00952700000000000	0.421000000000000	-2.47172600000000	10.0055460000000	-0.296835000000000	-64.2375790000000	-11.7999820000000	533	315	673	311	1890	30
0.0602130000000000	0.0148110000000000	0.429000000000000	-0.650951000000000	-22.9206820000000	-1.17556800000000	151.637375000000	-21.7941950000000	692	326	811	326	30	285
0.0394180000000000	0.0176790000000000	0.420000000000000	-1.69562500000000	-15.5734830000000	-0.356422000000000	96.0234910000000	-12.6475550000000	654	332	785	329	402	285
0.0209970000000000	0.0188150000000000	0.415000000000000	-1.84346900000000	-8.63292700000000	0.543121000000000	63.9347950000000	-6.85600700000000	621	333	756	330	774	285
0.00439100000000000	0.0183660000000000	0.415000000000000	-1.95759600000000	-2.08734000000000	1.11462300000000	15.4547380000000	-2.40143900000000	591	331	733	331	1146	285
-0.00952200000000000	0.0170200000000000	0.415000000000000	-2.09336900000000	2.20898900000000	1.38291000000000	-10.4083650000000	-4.46050400000000	561	329	702	326	1518	285
-0.0212420000000000	0.0170610000000000	0.416000000000000	-1.04519900000000	7.45955600000000	1.32575000000000	-57.2771910000000	-3.02060200000000	544	329	681	326	1890	285
0.0589490000000000	0.0267620000000000	0.420000000000000	-1.76233700000000	-19.6385370000000	0.0333420000000000	127.793007000000	-7.75306200000000	689	353	821	348	30	540
0.0410940000000000	0.0317520000000000	0.414000000000000	-0.981705000000000	-15.0267120000000	3.68039800000000	96.4590910000000	10.1694530000000	652	359	789	354	402	540
0.0215780000000000	0.0331370000000000	0.409000000000000	-1.30720100000000	-7.19210800000000	5.24363400000000	57.4286920000000	19.3316920000000	622	359	760	355	774	540
0.00652300000000000	0.0321740000000000	0.408000000000000	-1.38835500000000	-3.43263800000000	5.57099800000000	33.0342330000000	38.7795300000000	587	355	733	353	1146	540
-0.00933900000000000	0.0312150000000000	0.407000000000000	-0.590424000000000	2.60558600000000	5.19496700000000	-12.0968380000000	18.7878910000000	564	355	705	353	1518	540
-0.0196060000000000	0.0283420000000000	0.410000000000000	0.108765000000000	7.56148200000000	3.78661200000000	-55.6367070000000	11.8382930000000	547	350	685	349	1890	540
0.0526660000000000	0.0391960000000000	0.417000000000000	-0.0587720000000000	-21.5044440000000	7.76384700000000	133.672836000000	40.1661950000000	672	374	808	365	30	795
0.0344050000000000	0.0450780000000000	0.409000000000000	0.885626000000000	-13.6129670000000	12.5613120000000	93.4397740000000	77.9223020000000	635	354	783	373	402	795
0.0197600000000000	0.0436440000000000	0.408000000000000	0.606119000000000	-10.5234980000000	12.4238530000000	91.3072970000000	68.7195590000000	608	354	753	354	774	795
0.00649100000000000	0.0399180000000000	0.406000000000000	-0.954298000000000	-4.47838500000000	6.64889300000000	24.3816050000000	38.5632550000000	585	371	715	371	1146	795
-0.00938500000000000	0.0375600000000000	0.409000000000000	-0.344136000000000	0.547666000000000	6.96380800000000	-7.72582300000000	33.6439970000000	559	366	707	366	1518	795
-0.0346810000000000	0.0438580000000000	0.410000000000000	-3.12934500000000	9.08387500000000	12.8597060000000	-63.4376110000000	70.5108030000000	513	369	651	362	1890	795
0.0429490000000000	0.0434620000000000	0.419000000000000	1.61758000000000	-15.3427120000000	16.0356030000000	140.484421000000	92.6641620000000	666	372	796	381	30	1050
0.0308700000000000	0.0452910000000000	0.415000000000000	2.22259900000000	-7.19381000000000	21.7582470000000	69.0857930000000	150.611130000000	637	343	770	362	402	1050
0.0150320000000000	0.0756150000000000	0.424000000000000	11.4341620000000	-8.83471100000000	8.17386000000000	82.3594210000000	54.2422900000000	649	472	716	481	774	1050
0.000816000000000000	0.0736070000000000	0.423000000000000	7.83227000000000	-3.04509500000000	10.3159610000000	46.8859940000000	90.0133130000000	618	464	698	470	1146	1050
-0.00785700000000000	0.0766270000000000	0.422000000000000	0.0446730000000000	0.458824000000000	14.5420340000000	-12.1833060000000	100.150681000000	596	471	675	469	1518	1050
-0.0214980000000000	0.0741690000000000	0.421000000000000	-2.61412600000000	9.05501800000000	13.6171760000000	-77.7390900000000	97.4488830000000	581	467	652	466	1890	1050
0.0438170000000000	0.0466210000000000	0.423000000000000	6.62341000000000	-24.0633060000000	13.1970080000000	176.989105000000	83.3451080000000	699	404	758	404	30	30
0.0326050000000000	0.0508320000000000	0.420000000000000	-0.0828770000000000	-10.9333690000000	15.0729410000000	93.9204480000000	113.237328000000	690	418	752	412	402	30
0.0151620000000000	0.0170200000000000	0.415000000000000	-2.94339600000000	-6.56724500000000	-1.22428200000000	54.1665650000000	-12.7006440000000	608	331	745	326	774	30
-0.000993000000000000	0.0183220000000000	0.414000000000000	-2.79916300000000	-2.66132400000000	0.628140000000000	12.8649550000000	-7.09216500000000	578	332	718	327	1146	30
-0.0149080000000000	0.0165710000000000	0.415000000000000	-2.91295300000000	2.62801000000000	-0.00200700000000000	-10.0255410000000	-7.98756200000000	551	329	691	323	1518	30
-0.0249610000000000	0.0157870000000000	0.418000000000000	-2.13636800000000	6.50908800000000	0.297415000000000	-45.3581120000000	-8.68398400000000	533	328	673	323	1890	30
0.0543900000000000	0.0202830000000000	0.427000000000000	-0.149110000000000	-22.4847460000000	-0.994170000000000	145.193329000000	-16.6900750000000	685	338	804	337	30	285
0.0316960000000000	0.0240370000000000	0.420000000000000	-0.977739000000000	-12.6079800000000	0.207671000000000	89.2484590000000	-8.42092600000000	642	343	772	342	402	285
0.0205970000000000	0.0305560000000000	0.416000000000000	-1.94329300000000	-10.2907690000000	2.62946200000000	81.5158840000000	6.37696600000000	612	354	748	350	774	285
0.00482800000000000	0.0268280000000000	0.414000000000000	-1.00634900000000	-7.01033500000000	3.33414500000000	33.7987400000000	5.08698100000000	585	346	724	343	1146	285
-0.0130810000000000	0.0250370000000000	0.414000000000000	-1.73330900000000	2.51182500000000	2.82687200000000	-3.49031600000000	5.96009800000000	554	344	694	340	1518	285
-0.0261910000000000	0.0242580000000000	0.416000000000000	-1.80590600000000	8.30859800000000	1.81535700000000	-46.4573250000000	3.42503600000000	531	344	676	342	1890	285
0.0480480000000000	0.0331200000000000	0.420000000000000	-1.97298100000000	-19.2571730000000	2.80010900000000	110.128967000000	6.67106800000000	661	364	799	357	30	540
0.0316150000000000	0.0356940000000000	0.413000000000000	-1.60573900000000	-14.5525840000000	4.16478600000000	97.1539690000000	14.6348970000000	631	367	754	364	402	540
0.0180830000000000	0.0376520000000000	0.410000000000000	-1.54662100000000	-9.43236400000000	5.16016100000000	83.6430210000000	20.3725360000000	605	369	750	363	774	540
-0.000976000000000000	0.0382560000000000	0.407000000000000	-0.366289000000000	-2.79720600000000	6.36126400000000	24.5368920000000	24.9334910000000	572	368	718	365	1146	540
-0.0133330000000000	0.0370270000000000	0.408000000000000	-3.11170200000000	3.77219900000000	5.44476700000000	-6.08853600000000	39.0248790000000	570	366	676	364	1518	540
-0.0275200000000000	0.0349060000000000	0.409000000000000	-0.581326000000000	7.82627200000000	4.93334300000000	-52.1227110000000	21.0710410000000	530	363	668	361	1890	540
0.0438860000000000	0.0448420000000000	0.415000000000000	-0.501637000000000	-19.6878610000000	9.16046600000000	125.180077000000	29.6186580000000	655	386	788	373	30	795
0.0313090000000000	0.0499430000000000	0.409000000000000	0.615770000000000	-13.8301670000000	14.4670840000000	96.2217560000000	79.2590790000000	631	362	771	360	402	795
0.0290970000000000	0.0495010000000000	0.409000000000000	-0.800084000000000	-12.7531950000000	12.6640120000000	95.2205350000000	87.2605360000000	622	392	764	380	774	795
0.00340100000000000	0.0493320000000000	0.404000000000000	-0.937597000000000	-5.19138700000000	9.06562900000000	56.6873970000000	45.6210560000000	576	392	724	386	1146	795
-0.0101440000000000	0.0484590000000000	0.404000000000000	1.08966700000000	-0.515010000000000	9.66653500000000	-4.86883900000000	42.8171690000000	551	371	698	385	1518	795
-0.0272510000000000	0.0468270000000000	0.405000000000000	0.454901000000000	6.76339900000000	9.25290500000000	-43.2219310000000	48.2781750000000	526	384	675	384	1890	795
0.0480240000000000	0.0534280000000000	0.412000000000000	-3.64734000000000	-19.6518720000000	5.90453600000000	132.905411000000	34.8649440000000	659	410	797	392	30	1050
0.0330780000000000	0.0605570000000000	0.409000000000000	3.28758300000000	-18.0165770000000	14.1963930000000	128.379913000000	78.0137180000000	631	390	773	402	402	1050
0.0120200000000000	0.0856770000000000	0.415000000000000	14.6933280000000	-7.63790400000000	10.1314830000000	86.7961500000000	59.8726810000000	631	489	715	497	774	1050
-0.00143700000000000	0.0848170000000000	0.413000000000000	10.4708960000000	-1.43422300000000	10.7684870000000	15.7147160000000	85.8226470000000	617	490	687	495	1146	1050
-0.0178760000000000	0.0848510000000000	0.411000000000000	5.96075900000000	4.58970700000000	12.0619340000000	-27.8488580000000	88.4592210000000	581	492	648	495	1518	1050
-0.0215360000000000	0.0794590000000000	0.413000000000000	-5.96834500000000	6.82840900000000	15.1772060000000	-37.5836140000000	106.391335000000	560	473	647	462	1890	1050
0.0479340000000000	0.0534820000000000	0.423000000000000	5.29075100000000	-23.0413830000000	12.8184980000000	139.771332000000	81.6024700000000	702	416	768	420	30	30
0.0341290000000000	0.0533550000000000	0.422000000000000	0.271912000000000	-16.0293710000000	15.1935830000000	117.524902000000	104.049500000000	671	416	756	410	402	30
0.0139160000000000	0.0166910000000000	0.418000000000000	-1.88374700000000	-8.42386400000000	-0.885843000000000	65.8847050000000	-14.4679130000000	605	328	740	327	774	30
-0.00778300000000000	0.0162390000000000	0.418000000000000	-2.97833100000000	0.637372000000000	-0.729866000000000	6.35094400000000	-11.2055230000000	569	329	707	325	1146	30
-0.0141120000000000	0.0162390000000000	0.418000000000000	-2.05356500000000	0.493437000000000	-0.184215000000000	-3.10523400000000	-11.4549540000000	553	330	691	326	1518	30
-0.0309110000000000	0.0153720000000000	0.419000000000000	-1.66055200000000	9.48753400000000	-0.139367000000000	-65.5072330000000	-9.75598100000000	527	328	665	323	1890	30
0.0475890000000000	0.0256420000000000	0.424000000000000	-0.906492000000000	-19.7444300000000	0.592129000000000	138.918945000000	-13.0273740000000	663	349	792	348	30	285
0.0283130000000000	0.0274730000000000	0.417000000000000	-0.811837000000000	-15.8860410000000	2.83072600000000	109.884781000000	6.49435600000000	631	348	763	346	402	285
0.0134310000000000	0.0274730000000000	0.417000000000000	-1.73005100000000	-7.65579000000000	1.58740900000000	56.3063770000000	0.879825000000000	605	349	741	346	774	285
-0.00323900000000000	0.0264440000000000	0.415000000000000	-1.79525600000000	-3.02971700000000	2.29249800000000	13.3447750000000	3.60111000000000	574	347	713	345	1146	285
-0.0185430000000000	0.0256080000000000	0.416000000000000	-1.93937000000000	4.77801900000000	1.84807300000000	-26.2765690000000	7.74103100000000	547	347	685	343	1518	285
-0.0312150000000000	0.0243170000000000	0.417000000000000	-1.13690800000000	10.7701010000000	1.58121000000000	-76.1041110000000	3.37294500000000	526	343	664	342	1890	285
0.0454310000000000	0.0345650000000000	0.421000000000000	-0.992380000000000	-19.0705810000000	4.03520300000000	123.951561000000	18.7895950000000	658	364	794	360	30	540
0.0263820000000000	0.0408030000000000	0.415000000000000	4.60816600000000	-12.9129830000000	10.7625020000000	88.9933010000000	63.6829950000000	618	345	768	366	402	540
0.0150890000000000	0.0370340000000000	0.413000000000000	-0.417327000000000	-9.37675400000000	4.82634400000000	68.5514370000000	21.3246710000000	600	367	744	365	774	540
-0.00409700000000000	0.0377430000000000	0.411000000000000	-0.884145000000000	-0.732438000000000	5.47054100000000	4.81675100000000	20.3463020000000	575	366	715	366	1146	540
-0.0192090000000000	0.0355210000000000	0.411000000000000	-0.0714350000000000	4.55177100000000	5.20017900000000	-27.7687230000000	22.3496440000000	548	364	686	361	1518	540
-0.0344880000000000	0.0365870000000000	0.413000000000000	-0.117273000000000	12.8588710000000	4.98226600000000	-81.0374530000000	24.4563640000000	523	364	664	366	1890	540
0.0430920000000000	0.0489980000000000	0.416000000000000	5.32574200000000	-19.6738100000000	9.97817900000000	139.183624000000	62.5481150000000	651	368	797	384	30	795
0.0330350000000000	0.0523440000000000	0.414000000000000	1.65163000000000	-14.3697970000000	14.7848650000000	96.7676620000000	91.3016590000000	639	384	777	388	402	795
0.0335630000000000	0.0520220000000000	0.415000000000000	2.92456000000000	-16.5431960000000	12.9252070000000	110.376755000000	78.8714520000000	632	370	769	385	774	795
-0.000549000000000000	0.0770720000000000	0.417000000000000	5.37788500000000	-3.37113000000000	11.9651270000000	32.5848160000000	85.3710780000000	613	473	694	477	1146	795
-0.0131760000000000	0.0784240000000000	0.417000000000000	-0.651431000000000	1.90378600000000	13.8849540000000	-23.2578620000000	90.4365460000000	595	481	666	476	1518	795
-0.0340710000000000	0.0480560000000000	0.408000000000000	0.739588000000000	11.5709840000000	8.41297300000000	-70.7737880000000	50.6377680000000	521	385	642	387	1890	795
0.0526660000000000	0.0590360000000000	0.417000000000000	-2.06624800000000	-21.8350370000000	8.11112100000000	145.265549000000	39.3205110000000	670	418	806	402	30	1050
0.0348470000000000	0.0627680000000000	0.409000000000000	-0.0452490000000000	-17.0393420000000	11.9985780000000	120.864601000000	67.6863170000000	634	421	776	410	402	1050
0.0144300000000000	0.0651020000000000	0.407000000000000	0.664041000000000	-10.2808140000000	14.1631070000000	70.2955470000000	75.5346680000000	599	420	744	417	774	1050
-0.000964000000000000	0.0629980000000000	0.402000000000000	1.46263200000000	-3.31031000000000	12.9607600000000	16.1113550000000	72.8350070000000	568	417	720	415	1146	1050
-0.0162600000000000	0.0606900000000000	0.404000000000000	0.111304000000000	2.62686400000000	15.3150210000000	-24.3973270000000	105.608444000000	543	390	692	395	1518	1050
-0.0329440000000000	0.0568990000000000	0.405000000000000	-0.373257000000000	9.82249700000000	12.0149150000000	-68.7910610000000	77.4028630000000	517	402	643	404	1890	1050
0.0425980000000000	0.0204040000000000	0.420000000000000	-3.53467700000000	-17.1074480000000	-2.50790100000000	118.311279000000	-18.8549230000000	653	339	782	333	30	30
0.0283810000000000	0.0184990000000000	0.418000000000000	-3.00912800000000	-13.2425250000000	-2.45499500000000	93.6911930000000	-21.1087150000000	631	337	762	334	402	30
0.0111760000000000	0.0202590000000000	0.417000000000000	-2.33248000000000	-7.26824300000000	-0.502135000000000	55.4068720000000	-13.9774520000000	600	337	738	336	774	30
-0.00234700000000000	0.0206600000000000	0.416000000000000	-2.42230600000000	-1.18202800000000	-0.0952070000000000	10.9941600000000	-9.57780300000000	569	338	715	334	1146	30
-0.0173170000000000	0.0203560000000000	0.419000000000000	-2.29295600000000	3.31435300000000	0.439007000000000	-10.2639640000000	-4.70843300000000	547	337	687	333	1518	30
-0.0302200000000000	0.0186760000000000	0.422000000000000	-1.64166600000000	9.85863200000000	0.287523000000000	-56.6975710000000	-6.45280800000000	528	335	665	331	1890	30
0.0466720000000000	0.0288510000000000	0.424000000000000	-2.74127400000000	-17.4341880000000	-0.192845000000000	127.208054000000	-8.70194100000000	665	356	795	351	30	285
0.0323720000000000	0.0310800000000000	0.417000000000000	-2.20052300000000	-14.4206100000000	0.972906000000000	96.1394960000000	-1.14720500000000	640	359	774	353	402	285
0.0151990000000000	0.0296560000000000	0.416000000000000	-1.87526100000000	-8.42754000000000	1.55243400000000	55.0919420000000	0.864519000000000	607	354	744	353	774	285
-0.000993000000000000	0.0290660000000000	0.414000000000000	-1.95981200000000	-3.17082900000000	1.83056600000000	18.4738770000000	2.43996800000000	577	353	716	351	1146	285
-0.0215880000000000	0.0277230000000000	0.414000000000000	-0.734144000000000	4.89874900000000	2.74880300000000	-35.2752840000000	6.41965600000000	541	351	680	348	1518	285
-0.00356200000000000	0.0497650000000000	0.781000000000000	-1.27581600000000	-6.61789300000000	1.10714600000000	107.649559000000	-12.9715780000000	605	376	684	377	30	30
-0.00354800000000000	0.0470500000000000	0.778000000000000	-1.11974900000000	-6.67071900000000	0.873072000000000	86.4827730000000	-13.9374470000000	607	373	686	374	402	30
-0.00940100000000000	0.0460310000000000	0.775000000000000	-1.70253600000000	-3.92569200000000	0.191440000000000	67.8261030000000	-18.5300750000000	600	373	680	372	774	30
-0.0185490000000000	0.0466870000000000	0.772000000000000	-2.02162800000000	-1.80093300000000	0.529998000000000	32.4665340000000	-20.5602150000000	591	373	670	373	1146	30
-0.0303780000000000	0.0365020000000000	0.735000000000000	-1.20640200000000	-0.616741000000000	0.264576000000000	12.2437920000000	-18.8544270000000	570	359	654	358	1518	30
-0.0455180000000000	0.00442800000000000	0.591000000000000	0.648497000000000	8.19022700000000	0.279224000000000	-52.2101750000000	-3.73868700000000	541	312	645	316	1890	30
0.00327700000000000	0.0441110000000000	0.801000000000000	-0.571832000000000	-7.61175900000000	0.544899000000000	127.252480000000	-15.1044640000000	613	371	689	372	30	285
-0.00516300000000000	0.0422930000000000	0.768000000000000	0.203974000000000	-4.51383000000000	1.11871300000000	39.0668450000000	-17.5104890000000	608	367	689	370	402	285
-0.00515700000000000	0.0422380000000000	0.767000000000000	0.0949890000000000	-4.23146100000000	0.712340000000000	45.3657260000000	-19.1272090000000	604	367	686	370	774	285
-0.0184040000000000	0.0413550000000000	0.766000000000000	-0.484371000000000	-0.0407860000000000	0.167393000000000	17.4786510000000	-28.1834770000000	592	367	673	368	1146	285
-0.0233440000000000	0.0413010000000000	0.765000000000000	-1.80915400000000	0.257204000000000	-0.626512000000000	-5.33133600000000	-24.5444240000000	585	368	665	368	1518	285
-0.0341890000000000	0.0414090000000000	0.767000000000000	-2.19275400000000	6.59441500000000	-0.569345000000000	-62.2605510000000	-25.2532290000000	575	369	658	367	1890	285
0.00896800000000000	0.0448430000000000	0.769000000000000	4.16616100000000	-12.5192140000000	-0.130607000000000	149.426498000000	-17.1819780000000	620	369	698	375	30	540
-0.00352100000000000	0.0458530000000000	0.772000000000000	0.685865000000000	-8.19615400000000	0.349995000000000	105.532249000000	-20.4637970000000	605	371	685	374	402	540
-0.00930400000000000	0.0463850000000000	0.767000000000000	-0.481694000000000	-4.24734900000000	0.976732000000000	39.8513490000000	-17.3432080000000	599	373	681	374	774	540
-0.0191580000000000	0.0453180000000000	0.763000000000000	-1.86509600000000	1.89221800000000	0.0907840000000000	-10.2984800000000	-22.0017340000000	594	373	674	373	1146	540
-0.0257590000000000	0.0444930000000000	0.763000000000000	-1.21135900000000	2.35101500000000	-0.215135000000000	-6.63809300000000	-25.5634540000000	583	373	664	372	1518	540
-0.0257250000000000	0.0452590000000000	0.762000000000000	-1.82637600000000	2.03164300000000	0.382534000000000	-39.5541800000000	-18.1293700000000	580	373	663	372	1890	540
0.00892100000000000	0.0487460000000000	0.765000000000000	1.48441700000000	-10.4544760000000	1.29562700000000	150.593842000000	-12.0364240000000	620	375	698	378	30	795
-0.00348400000000000	0.0503340000000000	0.764000000000000	-0.0862940000000000	-7.08006000000000	1.83055500000000	92.9134060000000	-13.8670250000000	606	377	687	379	402	795
-0.0141880000000000	0.0493780000000000	0.762000000000000	-1.40712600000000	-2.66848900000000	1.27371100000000	47.2495920000000	-10.1940180000000	595	377	675	377	774	795
-0.0199830000000000	0.0494430000000000	0.763000000000000	-1.99376300000000	-0.647068000000000	0.752693000000000	19.4032960000000	-13.9567290000000	587	377	669	377	1146	795
-0.0257250000000000	0.0485540000000000	0.762000000000000	-2.46115400000000	0.874727000000000	0.307280000000000	1.60387200000000	-9.87595700000000	581	378	662	376	1518	795
-0.0298060000000000	0.0476680000000000	0.761000000000000	-2.17411700000000	2.24198900000000	-0.0130900000000000	-28.7501470000000	-11.6825050000000	577	377	658	376	1890	795
0.00808300000000000	0.0528120000000000	0.764000000000000	0.0941510000000000	-10.8274330000000	2.19970800000000	117.680099000000	-8.34343900000000	619	381	699	384	30	1050
-0.00265400000000000	0.0535680000000000	0.763000000000000	0.697146000000000	-7.15950400000000	1.94706700000000	92.6644740000000	-5.78220100000000	607	381	689	384	402	1050
-0.0117000000000000	0.0550740000000000	0.761000000000000	-0.582162000000000	-2.94575600000000	2.28417800000000	48.9059680000000	0.823808000000000	598	383	679	384	774	1050
-0.0208080000000000	0.0535680000000000	0.763000000000000	-1.03321200000000	-0.302848000000000	1.53001200000000	9.10433400000000	-1.41183200000000	587	382	669	382	1146	1050
-0.0264450000000000	0.0524670000000000	0.759000000000000	-1.71738800000000	1.16644200000000	0.901719000000000	-7.11279800000000	-5.01644200000000	581	382	662	381	1518	1050
-0.0346990000000000	0.0517140000000000	0.760000000000000	-2.04258100000000	4.22122400000000	1.15333100000000	-44.2022020000000	-6.94725500000000	573	381	654	380	1890	1050
0.0206110000000000	0.0365280000000000	0.769000000000000	2.30473900000000	-13.4632340000000	-0.967578000000000	152.677353000000	-28.2510620000000	630	359	708	365	30	30
-0.000140000000000000	0.00642000000000000	0.598000000000000	7.85277300000000	-11.1574560000000	-3.17353700000000	120.223389000000	-19.3176920000000	603	318	700	332	402	30
-0.0896030000000000	0.0144640000000000	0.559000000000000	-1.38469300000000	-7.20077500000000	0.0599550000000000	129.817657000000	-31.5170630000000	436	331	549	331	774	30
-0.0361860000000000	0.0311490000000000	0.740000000000000	-6.03493500000000	2.43395100000000	-2.74379000000000	-2.83242800000000	-36.5529940000000	568	360	652	355	1146	30
-0.0343050000000000	0.0324840000000000	0.734000000000000	-2.21883800000000	2.18599600000000	-1.24946800000000	-17.8309970000000	-35.8197210000000	569	358	653	358	1518	30
-0.0414490000000000	0.0316910000000000	0.734000000000000	-1.43505100000000	5.02095100000000	-1.78776400000000	-43.6144410000000	-32.3975490000000	562	358	645	357	1890	30
-0.00895200000000000	0.0374490000000000	0.738000000000000	3.26989600000000	-9.15323700000000	0.0147960000000000	115.785690000000	-30.7300470000000	598	361	679	367	30	285
-0.0152330000000000	0.0387810000000000	0.733000000000000	-1.11126500000000	-7.96526500000000	0.615299000000000	95.2768250000000	-22.3319280000000	588	364	672	365	402	285
-0.0207540000000000	0.0395190000000000	0.732000000000000	-1.44268500000000	-4.00913200000000	-0.0872290000000000	55.9589730000000	-21.8693140000000	582	366	666	366	774	285
-0.0278790000000000	0.0403110000000000	0.732000000000000	-1.36960200000000	-1.38905200000000	0.525811000000000	36.7564200000000	-15.8411730000000	576	366	661	366	1146	285
-0.0365870000000000	0.0403110000000000	0.732000000000000	-2.43828600000000	1.92627300000000	-0.0340470000000000	-15.8390470000000	-21.3150140000000	567	367	652	366	1518	285
-0.0486600000000000	0.0412710000000000	0.735000000000000	-3.42053100000000	9.36667800000000	0.206524000000000	-91.6631930000000	-9.61462200000000	559	368	641	365	1890	285
-0.00100400000000000	0.0494430000000000	0.763000000000000	5.94773800000000	-12.8178700000000	0.269398000000000	146.675430000000	-12.1623970000000	608	373	686	382	30	540
-0.0112540000000000	0.0418940000000000	0.732000000000000	0.427704000000000	-7.81880800000000	0.966272000000000	94.0268550000000	-22.7065850000000	592	368	675	370	402	540
-0.0192230000000000	0.0428020000000000	0.734000000000000	-1.51890200000000	-5.14019600000000	1.04645300000000	59.2840040000000	-12.4038680000000	584	369	669	370	774	540
-0.0255740000000000	0.0435960000000000	0.734000000000000	-2.33244900000000	-1.72386700000000	-0.0710640000000000	26.2208290000000	-16.5147930000000	577	373	661	371	1146	540
-0.0343050000000000	0.0428020000000000	0.734000000000000	-2.26786000000000	1.30856700000000	0.208818000000000	-8.35649400000000	-13.0863320000000	567	371	653	371	1518	540
-0.0350510000000000	0.0435360000000000	0.733000000000000	-2.45734100000000	1.19990500000000	0.288181000000000	-16.8849010000000	-15.6151690000000	565	372	651	370	1890	540
0.00222100000000000	0.0462270000000000	0.738000000000000	2.22773400000000	-11.0352720000000	0.526623000000000	121.661766000000	-5.57819900000000	611	373	693	378	30	795
-0.00896500000000000	0.0486870000000000	0.739000000000000	-0.244990000000000	-8.99398900000000	1.69401000000000	123.444580000000	-13.9415950000000	595	376	677	377	402	795
-0.0153370000000000	0.0494190000000000	0.738000000000000	-1.17210500000000	-4.99824100000000	1.48844500000000	64.9213560000000	-16.4629920000000	591	378	674	378	774	795
-0.0263670000000000	0.0459770000000000	0.734000000000000	-3.26588400000000	-1.19677600000000	-0.202369000000000	24.9119380000000	-12.8370700000000	575	376	658	373	1146	795
-0.0407660000000000	0.0461020000000000	0.736000000000000	-5.85265600000000	2.32044600000000	-0.835685000000000	-23.3338530000000	-11.3390410000000	557	378	639	372	1518	795
-0.0413930000000000	0.0459140000000000	0.733000000000000	-4.14169800000000	5.80285600000000	0.0341310000000000	-49.0965650000000	-8.16839900000000	562	377	646	372	1890	795
0.00460900000000000	0.0517430000000000	0.737000000000000	3.28103700000000	-14.2950030000000	1.61194800000000	131.653198000000	-2.52163600000000	600	380	691	387	30	1050
-0.00333800000000000	0.0521830000000000	0.732000000000000	0.500677000000000	-8.14967800000000	1.76572600000000	90.7553940000000	-6.96272900000000	602	381	687	383	402	1050
-0.0215460000000000	0.0521830000000000	0.732000000000000	-3.76876000000000	-2.97527500000000	1.13951700000000	34.9293060000000	0.314632000000000	581	384	666	380	774	1050
-0.0302540000000000	0.0529750000000000	0.732000000000000	-4.19385900000000	-0.774691000000000	1.48216500000000	21.5627730000000	2.30452300000000	571	385	655	380	1146	1050
-0.0358440000000000	0.0514620000000000	0.733000000000000	-3.32078700000000	2.00263200000000	0.855621000000000	-11.2864100000000	-0.313588000000000	566	383	651	380	1518	1050
-0.0281970000000000	0.0576180000000000	0.762000000000000	-4.99210800000000	5.09573800000000	1.29487300000000	-56.9155080000000	1.44824500000000	581	390	664	385	1890	1050
-0.0146140000000000	0.00237100000000000	0.558000000000000	-1.85967800000000	-13.9641630000000	-2.12568000000000	148.364990000000	-41.8200260000000	569	307	673	308	30	30
-0.0313200000000000	0.0244260000000000	0.686000000000000	2.72509200000000	-8.94862300000000	-1.56134500000000	102.098534000000	-31.0858550000000	562	346	651	352	402	30
-0.0376650000000000	0.0242120000000000	0.680000000000000	-1.06594000000000	-3.80062200000000	-1.76317100000000	55.0877910000000	-40.5593800000000	557	349	646	350	774	30
-0.0473640000000000	0.0250210000000000	0.682000000000000	-0.627455000000000	-1.04642500000000	-1.81240400000000	25.8328190000000	-48.6822740000000	541	352	632	352	1146	30
-0.0686520000000000	0.0271930000000000	0.681000000000000	-5.20210800000000	6.27079600000000	-1.96148200000000	-62.7259140000000	-29.9821660000000	518	356	610	349	1518	30
-0.0797740000000000	0.0267290000000000	0.688000000000000	-5.52867500000000	12.7482080000000	-2.04275200000000	-118.478004000000	-22.5435240000000	511	354	600	346	1890	30
-0.0144440000000000	0.0330130000000000	0.695000000000000	6.86084300000000	-16.9127450000000	-0.725269000000000	181.702332000000	-18.6096460000000	582	352	664	364	30	285
-0.0237270000000000	0.0323480000000000	0.681000000000000	0.877428000000000	-8.17829500000000	-0.0779090000000000	90.2906570000000	-23.5686800000000	569	359	659	361	402	285
-0.0360870000000000	0.0322050000000000	0.678000000000000	-2.03517000000000	-2.28326600000000	-1.15295800000000	44.9509770000000	-22.8507390000000	560	359	649	358	774	285
-0.0480310000000000	0.0316110000000000	0.681000000000000	-2.34534400000000	2.06976200000000	-1.21202200000000	3.08282000000000	-27.0619140000000	547	358	636	357	1146	285
-0.0508270000000000	0.0329870000000000	0.679000000000000	-2.56139100000000	9.02288700000000	-0.0442710000000000	-89.8206330000000	-12.5724740000000	548	360	638	357	1518	285
-0.0510510000000000	0.0323950000000000	0.682000000000000	-2.85960300000000	11.7417290000000	-0.679091000000000	-116.669456000000	-13.0734310000000	547	359	637	356	1890	285
0.00288000000000000	0.0418140000000000	0.704000000000000	10.7432100000000	-15.5605310000000	-1.44979200000000	156.486465000000	-7.51134200000000	610	361	689	377	30	540
-0.0149550000000000	0.0376670000000000	0.684000000000000	1.49061100000000	-8.95224100000000	0.459471000000000	102.363045000000	-18.2895980000000	584	364	673	368	402	540
-0.0325170000000000	0.0396530000000000	0.680000000000000	-0.884647000000000	-3.11012700000000	1.03252500000000	35.0857510000000	-8.65636200000000	564	367	652	367	774	540
-0.0369840000000000	0.0389750000000000	0.681000000000000	-1.17443700000000	-1.16145900000000	1.30495200000000	21.5952530000000	-10.8627070000000	559	366	648	366	1146	540
-0.0384560000000000	0.0397110000000000	0.681000000000000	-1.06340700000000	-1.55568300000000	1.23588600000000	10.5153100000000	-10.4741460000000	551	367	643	367	1518	540
-0.0412200000000000	0.0351380000000000	0.678000000000000	2.71867300000000	4.85335900000000	0.277325000000000	-59.5730480000000	-12.4978450000000	558	360	650	365	1890	540
-0.0157630000000000	0.0430330000000000	0.687000000000000	4.03424100000000	-14.2096180000000	0.887357000000000	170.108002000000	-21.3552910000000	585	368	672	375	30	795
-0.00236600000000000	0.0470060000000000	0.680000000000000	9.61900800000000	-11.8358700000000	1.88077500000000	111.165016000000	23.4246860000000	595	365	683	381	402	795
-0.0361370000000000	0.0518830000000000	0.739000000000000	1.08362800000000	-4.51723300000000	1.36250200000000	74.0355070000000	-8.77317100000000	563	386	647	387	774	795
-0.0396300000000000	0.0591100000000000	0.760000000000000	1.12387000000000	-1.47868500000000	1.44003200000000	28.9935510000000	-9.42434700000000	565	388	646	390	1146	795
-0.0486070000000000	0.0565700000000000	0.759000000000000	-0.0224260000000000	1.24286400000000	1.63135300000000	-17.5424960000000	-13.1553600000000	553	386	637	387	1518	795
-0.0585340000000000	0.0566450000000000	0.760000000000000	-1.94365500000000	4.49290900000000	0.867275000000000	-44.8555410000000	-8.16410100000000	544	386	626	385	1890	795
-0.0216330000000000	0.0568680000000000	0.763000000000000	2.65887700000000	-8.52516600000000	1.89716300000000	92.2639850000000	-0.545021000000000	585	385	665	391	30	1050
-0.0330980000000000	0.0583650000000000	0.761000000000000	1.53011300000000	-3.73950100000000	1.00556400000000	51.5261340000000	-4.59721800000000	573	387	655	391	402	1050
-0.0260810000000000	0.0342840000000000	0.648000000000000	8.47463600000000	-4.85057500000000	0.945680000000000	45.4326590000000	4.63670000000000	576	350	670	362	774	1050
-0.000791000000000000	0.0408950000000000	0.601000000000000	0.942434000000000	-6.40868200000000	8.10864100000000	81.6297150000000	65.7940520000000	586	357	691	358	1146	1050
-0.0399730000000000	0.0519140000000000	0.751000000000000	-4.94905900000000	0.839493000000000	0.666536000000000	-9.47019400000000	-16.4118610000000	558	383	642	379	1518	1050
-0.0434520000000000	0.0505570000000000	0.755000000000000	-0.241696000000000	2.99690700000000	1.65367600000000	-60.4417340000000	-4.42576700000000	563	379	645	380	1890	1050
-0.0175070000000000	0.0420180000000000	0.763000000000000	2.35365600000000	-11.9464290000000	0.115927000000000	156.693588000000	-16.6285360000000	587	365	666	370	30	30
-0.0232220000000000	0.0435530000000000	0.761000000000000	1.16077900000000	-6.63805200000000	0.435255000000000	63.5833970000000	-18.0511400000000	582	368	663	371	402	30
-0.0289070000000000	0.0442600000000000	0.759000000000000	0.635125000000000	-2.85348100000000	0.960586000000000	42.3174820000000	-17.6605850000000	577	370	658	372	774	30
-0.0346990000000000	0.0426740000000000	0.760000000000000	0.139144000000000	-0.146664000000000	0.00836500000000000	18.1894000000000	-23.1979730000000	571	369	653	370	1146	30
-0.0430870000000000	0.0420180000000000	0.763000000000000	-0.654682000000000	2.56533600000000	-0.0377070000000000	-16.8915790000000	-32.2317310000000	561	368	644	368	1518	30
-0.0494280000000000	0.0409770000000000	0.759000000000000	-1.77048700000000	4.37200100000000	-1.77246500000000	-49.1769370000000	-32.6741100000000	554	369	636	368	1890	30
-0.00431600000000000	0.0446100000000000	0.765000000000000	3.66598400000000	-10.8053030000000	0.346659000000000	145.270248000000	-19.9610940000000	604	368	683	374	30	285
-0.0214060000000000	0.0464760000000000	0.755000000000000	-0.363607000000000	-4.94373100000000	0.893133000000000	77.1448900000000	-16.8606200000000	585	372	667	374	402	285
-0.0288310000000000	0.0457800000000000	0.757000000000000	-0.794397000000000	-2.82458000000000	0.515704000000000	55.4840580000000	-13.3595150000000	576	373	658	374	774	285
-0.0369200000000000	0.0464760000000000	0.755000000000000	-1.75463200000000	0.0139700000000000	0.0730460000000000	8.00474800000000	-17.5152630000000	565	374	648	373	1146	285
-0.0501820000000000	0.0450210000000000	0.758000000000000	-2.55331500000000	5.79088700000000	-0.725913000000000	-56.7558670000000	-23.2309740000000	555	373	637	372	1518	285
